Best Sol with Random Perturbation :
Loaded Items: [[32, 22, 35], [41, 96, 47], [35, 57, 50], [42, 99, 24], [40, 98, 13], [37, 88, 47], [16, 18, 19], [2, 70, 12], [12, 63, 43], [25, 78, 32], [11, 77, 20], [27, 60, 34], [29, 40, 48], [1, 98, 18], [38, 87, 35], [10, 45, 7], [13, 32, 11], [30, 43, 30], [19, 92, 39], [14, 30, 47], [31, 43, 12], [45, 25, 1], [26, 71, 41], [9, 20, 1], [23, 84, 12], [4, 33, 12], [6, 58, 13], [8, 27, 46], [22, 58, 25], [34, 4, 38], [3, 66, 38], [15, 8, 49], [39, 34, 5], [33, 50, 17], [21, 8, 32], [17, 73, 50], [20, 43, 29], [24, 35, 8]]
Non Loaded Items: [[28, 38, 24], [43, 16, 45], [44, 1, 39], [36, 5, 14], [5, 2, 23], [18, 9, 7], [7, 4, 18]]
Total Benefit :2033
Total Weight :1040
Fitness Min:75
Fitness Max:2033
Best Sol with Frecuency Perturbation :
Loaded Items: [[7, 4, 18], [23, 84, 12], [43, 16, 45], [3, 66, 38], [2, 70, 12], [20, 43, 29], [8, 27, 46], [13, 32, 11], [28, 38, 24], [38, 87, 35], [42, 99, 24], [44, 1, 39], [22, 58, 25], [12, 63, 43], [40, 98, 13], [15, 8, 49], [21, 8, 32], [34, 4, 38], [9, 20, 1], [10, 45, 7], [25, 78, 32], [4, 33, 12], [27, 60, 34], [11, 77, 20], [30, 43, 30], [29, 40, 48], [1, 98, 18], [41, 96, 47], [37, 88, 47], [26, 71, 41], [31, 43, 12], [24, 35, 8], [6, 58, 13], [17, 73, 50], [35, 57, 50], [16, 18, 19], [14, 30, 47], [19, 92, 39]]
Non Loaded Items: [[18, 9, 7], [32, 22, 35], [36, 5, 14], [5, 2, 23], [45, 25, 1], [33, 50, 17], [39, 34, 5]]
Total Benefit :1961
Total Weight :1108
Fitness Min:147
Fitness Max:1961